3397 3.05244262724
3163 3.02601407058
3208 2.78759353051
3336 2.72426659866
3323 2.64901405394
3353 2.55557636183
3256 2.54845043088
3345 2.54779838885
3403 2.53783743385
3235 2.5231997345
3261 2.48247712811
3181 2.47537979515
3280 2.4452106044
3276 2.42411967234
3130 2.41698067542
3408 2.41412657301
3364 2.41229972778
3228 2.37756234497
3328 2.37578317482
3266 2.37469730287
3301 2.36040976319
3112 2.34557517505
3330 2.30984878005
3332 2.30435579493
3120 2.29627874152
3179 2.29591277469
3390 2.29192426393
3435 2.28752166895
3196 2.26733767045
3438 2.26434473156
3417 2.22565457732
3400 2.22247961437
3242 2.21815700115
3462 2.21653025003
3203 2.2080157814
3386 2.12170531443
3443 2.11465955838
3245 2.11064583113
3458 2.10001346857
3283 2.09702755754
3246 2.09221079229
3314 2.0851609273
3304 2.07959178098
3191 2.06947528002
3428 2.06117834259
3277 2.05042019649
3155 2.03709675657
3116 2.01881948003
3104 2.00709270642
3374 1.99704017827
3436 1.98339649605
3140 1.98235902428
3161 1.96525655131
3218 1.9620793588
3272 1.95724062808
3337 1.95065604165
3365 1.94004989913
3412 1.93578157326
3153 1.92242565035
3207 1.91972982305
3338 1.91874461136
3455 1.91558426001
3281 1.91437951337
3425 1.90887280569
3437 1.90370494126
3253 1.90002979422
3177 1.89844081679
3379 1.89196872372
3372 1.88678896236
3210 1.87891337288
3388 1.87600798202
3349 1.87249473676
3117 1.87163196449
3274 1.8708333788
3453 1.84997766288
3439 1.84794352644
3263 1.8301014095
3320 1.79730414979
3151 1.79016092038
3307 1.77555562654
3176 1.7689443836
3376 1.76835816926
3329 1.76401306538
3326 1.75890582321
3243 1.75438298795
3257 1.74185587606
3305 1.73184926226
3113 1.72644154839
3334 1.72509464256
3234 1.70933388719
3279 1.70429529805
3322 1.7025472033
3198 1.70245668603
3333 1.70172841449
3174 1.69751517178
3285 1.6961855235
3444 1.69532863603
3360 1.69442055233
3317 1.68302651392
3241 1.67644060582
3464 1.67123047406
3193 1.66983825053
3160 1.66425079678
3251 1.66088098008
3209 1.65460865436
3268 1.64954142075
3171 1.6407011395
3178 1.63691529852
3199 1.63421853669
3371 1.63251935814
3144 1.62198625337
3221 1.62071622792
3399 1.61884916902
3344 1.61538377131
3424 1.60975936091
3166 1.60784350269
3389 1.6059214302
3385 1.60173963143
3173 1.60105524215
3231 1.5947726601
3143 1.59060377709
3378 1.56257185928
3393 1.56037459356
3278 1.53118004027
3395 1.53079654034
3401 1.52996162946
3409 1.51490679276
3169 1.50944048545
3384 1.50191306682
3269 1.49284366199
3187 1.48815408021
3422 1.48320993316
3423 1.48276513539
3454 1.47071817526
3387 1.46960205951
3202 1.46908021277
3258 1.46467247677
3434 1.46390899425
3318 1.46370193324
3138 1.46208146035
3129 1.45638437151
3362 1.44760895379
3405 1.44380804179
3212 1.42906566285
3150 1.42339643399
3359 1.42013508399
3185 1.41818267382
3321 1.39950373788
3442 1.39871428165
3225 1.39540378943
3275 1.38680020606
3449 1.38398570743
3433 1.36906810018
3217 1.36544245637
3124 1.36187263015
3291 1.35273553949
3309 1.34621987495
3190 1.32234065194
3448 1.31288257745
3125 1.30836341042
3324 1.30814252298
3123 1.30722536381
3247 1.30568829561
3418 1.30479822415
3306 1.296136521
3156 1.2871036227
3216 1.28375663781
3414 1.28040572601
3227 1.26954025509
3232 1.26363506622
3356 1.25340500831
3419 1.24750842252
3452 1.24458943238
3224 1.24372070766
3339 1.24246360765
3108 1.24049094838
3157 1.23387177378
3451 1.23109143818
3292 1.22933450606
3335 1.22726815065
3206 1.22431141798
3350 1.21809600494
3222 1.21532331793
3402 1.20794758649
3226 1.20788239663
3132 1.2064905974
3194 1.20600353881
3201 1.20496364649
3139 1.20219277877
3110 1.18796010852
3103 1.18785514304
3361 1.18669764153
3264 1.1837242224
3461 1.17814512753
3325 1.17732490317
3142 1.17318306618
3308 1.17034444157
3229 1.16439670325
3392 1.15495819809
3211 1.15410379278
3133 1.15404777774
3382 1.15285845336
3273 1.15007133009
3358 1.1338157665
3313 1.1311565622
3214 1.11154827186
3111 1.10470323456
3375 1.0938639212
3426 1.07390985618
3450 1.06984288328
3381 1.06914993722
3237 1.06209277081
3310 1.06100925545
3351 1.05596846538
3182 1.05190237117
3293 1.04646992768
3141 1.04577149445
3259 1.04452123435
3331 1.04198257428
3394 1.03908410151
3220 1.0366849714
3270 1.03273964784
3180 1.02914836475
3284 1.02289945741
3373 1.02214268615
3319 1.00156210722
3288 0.999308056338
3396 0.996679889197
3137 0.992978297599
3340 0.978460660011
3404 0.970294191662
3122 0.968045494581
3406 0.946623381742
3189 0.942958875033
3204 0.927682712903
3184 0.91749274496
3447 0.916968246065
3172 0.916636237948
3421 0.91027902698
3416 0.892118200007
3391 0.890570424237
3164 0.88695257363
3165 0.88556557898
3186 0.885017806233
3249 0.878407464073
3357 0.876545275812
3460 0.867584201021
3265 0.863484989472
3254 0.860584331174
3114 0.857555071305
3282 0.847749136687
3131 0.845257283212
3296 0.840689057554
3197 0.838583613063
3347 0.830896010215
3343 0.829233852795
3369 0.823677170266
3463 0.82349800014
3107 0.814825653189
3267 0.814737818782
3145 0.813418980617
3456 0.802837263967
3441 0.801482225895
3431 0.796109636142
3126 0.786478854333
3352 0.76697094024
3159 0.741596256013
3407 0.741406561062
3175 0.735500968124
3168 0.734248115586
3106 0.726627213198
3250 0.726242589118
3368 0.723751965515
3271 0.722389701126
3170 0.714476723601
3102 0.711753877664
3240 0.694826908271
3459 0.671991631413
3233 0.652836151304
3192 0.651475364836
3200 0.647876612884
3135 0.643640205568
3411 0.640333066434
3346 0.631178135165
3162 0.629706745488
3363 0.623292377628
3183 0.613042691093
3348 0.605250400889
3260 0.60422515364
3427 0.593921445134
3311 0.586380203406
3398 0.57117108395
3148 0.558413416321
3457 0.554431484603
3380 0.517743352696
3248 0.502939954981
3149 0.496924185454
3341 0.484744682895
3420 0.440388708659
3410 0.437775474794
3119 0.431194071628
3286 0.427488647996
3219 0.412153202066
3298 0.355483756655
3290 0.348988283293
3152 0.342125244396
3354 0.328106632335
3238 0.308641024928
3105 0.307956145655
3158 0.27655296606
3147 0.243341331203
3299 0.14836445156
3383 0.134817671217
3115 0.129167615023
3287 0.0
