3163 2.93683156909
3397 2.91856358663
3268 2.67963642088
3314 2.6572740858
3353 2.64421993441
3390 2.58382486099
3261 2.49969825793
3401 2.44369573205
3124 2.39455773571
3328 2.38931635272
3330 2.37554479883
3181 2.37405266938
3323 2.36432502483
3257 2.36329450687
3143 2.32722645802
3452 2.28741967492
3435 2.28069812382
3329 2.25495807648
3438 2.2406921422
3326 2.22711341339
3338 2.22637798835
3243 2.19616950205
3428 2.17514916118
3431 2.1712041144
3278 2.16821807414
3203 2.16692998571
3234 2.16087206805
3393 2.15781595393
3177 2.11756928143
3400 2.11725052672
3345 2.11386163125
3265 2.10202463471
3208 2.10001633087
3113 2.09784462675
3235 2.09256051578
3304 2.08955066208
3461 2.07370001873
3443 2.0735497346
3229 2.07274124793
3151 2.07108776955
3277 2.06253177142
3462 2.04750888532
3210 2.02652218484
3251 2.01721937703
3453 2.01704941387
3228 1.98303985116
3276 1.97358438598
3211 1.96471659735
3216 1.94743134701
3231 1.94220660646
3458 1.9411510277
3173 1.92416173572
3396 1.91987521896
3433 1.91833280876
3374 1.90872697633
3196 1.89160107541
3120 1.88828958717
3242 1.88466163779
3179 1.88374682692
3199 1.88360389453
3241 1.88106185107
3130 1.86057294556
3246 1.85533154897
3266 1.85078671819
3301 1.84836154885
3292 1.84596797595
3395 1.84037530404
3385 1.83857524805
3166 1.82686492816
3132 1.82143063958
3285 1.78797235018
3425 1.77187631386
3275 1.77133376987
3441 1.76533288725
3403 1.76207454767
3355 1.7607639602
3160 1.75884378388
3336 1.74656817263
3378 1.74202100506
3191 1.74095758934
3364 1.73208816496
3437 1.72824920702
3114 1.72581024508
3307 1.71484886873
3129 1.70112555899
3207 1.67932488516
3116 1.6729975868
3376 1.67275579917
3439 1.67110569323
3417 1.66666156184
3150 1.65566321708
3193 1.6417013704
3308 1.63886380892
3365 1.6342619954
3371 1.63249469297
3117 1.62614144973
3280 1.62082808091
3448 1.61492105526
3361 1.61311660346
3139 1.61273824641
3153 1.60575653978
3293 1.6051641921
3201 1.59996354284
3279 1.59732291186
3436 1.59171904489
3406 1.5870998981
3346 1.58644322893
3359 1.5769893057
3386 1.56313740639
3360 1.5548525811
3155 1.54866991145
3369 1.54458442461
3340 1.54361560006
3352 1.5423004465
3254 1.53863555594
3226 1.52467447623
3299 1.52347239743
3172 1.52242762804
3232 1.52208983172
3325 1.521178912
3156 1.51973998288
3332 1.51857547262
3382 1.51040843375
3375 1.49749966149
3344 1.49503769966
3347 1.48897437164
3408 1.47849199331
3131 1.47479270509
3350 1.47271166016
3389 1.47027413743
3449 1.46674110261
3427 1.46049455664
3180 1.45924542227
3140 1.45149132225
3185 1.449368047
3413 1.44778168795
3281 1.44672104729
3258 1.44009297687
3412 1.4252198154
3423 1.42316867897
3222 1.42040268548
3267 1.41769205832
3190 1.41755115116
3419 1.41612564497
3165 1.41424216934
3324 1.40282579066
3286 1.40276250226
3388 1.40235900669
3195 1.39672327137
3426 1.392612931
3454 1.39197966933
3123 1.383889893
3460 1.38098290475
3239 1.3771165892
3233 1.37150424886
3182 1.36258580416
3164 1.36031717275
3379 1.35912509392
3320 1.34840871222
3221 1.34746435699
3112 1.33822251914
3305 1.32498945158
3183 1.31577139576
3204 1.31462175597
3283 1.30954017298
3217 1.30472929766
3318 1.30273745089
3295 1.30179788761
3434 1.29595095078
3349 1.2951713459
3269 1.29354058651
3362 1.28768121576
3256 1.28715633881
3402 1.2805119987
3331 1.27702225334
3333 1.27534455369
3341 1.27511020192
3457 1.26828364899
3198 1.26650637233
3357 1.26372088441
3152 1.26316553503
3133 1.2551442864
3337 1.25421583254
3348 1.24756980173
3264 1.2451085382
3339 1.24479132442
3138 1.23775281552
3430 1.23586539928
3456 1.23507284751
3119 1.22877999142
3274 1.21236932538
3110 1.20917659604
3187 1.20849489139
3415 1.19881360445
3237 1.18361633469
3250 1.17813249357
3137 1.1751481121
3464 1.17439726123
3309 1.17097506817
3321 1.16095483206
3175 1.15818995292
3214 1.15776196375
3444 1.15706700348
3145 1.15686813669
3356 1.14750911117
3317 1.14006622412
3104 1.13930896208
3405 1.13684519894
3373 1.13570714964
3259 1.13513243136
3409 1.13433601856
3157 1.13296480227
3171 1.12837696482
3296 1.12611346443
3176 1.12300500129
3294 1.11986943146
3244 1.11585526447
3219 1.11236345676
3247 1.10785829939
3158 1.10571202372
3288 1.08362351919
3451 1.06926484904
3407 1.06869185258
3238 1.06329569705
3255 1.06328767371
3455 1.06315408764
3184 1.06261215768
3249 1.04253642937
3271 1.03795824196
3102 1.03492457774
3387 1.0319152065
3442 1.03034466359
3227 1.02731620199
3107 1.01992927335
3206 1.01153460774
3218 0.994725861203
3424 0.970643691487
3142 0.967209984166
3125 0.961008605316
3167 0.951654392905
3174 0.93879226658
3127 0.937992360345
3245 0.930124241654
3272 0.923735879401
3236 0.921817322689
3319 0.917474076574
3398 0.913328920035
3105 0.911358420819
3287 0.910441575572
3192 0.907905950857
3248 0.905485888431
3372 0.899056897725
3209 0.896757053702
3450 0.887216425761
3334 0.885161816419
3202 0.884715294248
3168 0.868161812313
3189 0.868096301588
3416 0.868010709012
3260 0.867118035872
3421 0.862133287379
3103 0.854291187965
3463 0.84821479442
3240 0.845005405127
3420 0.830310868708
3429 0.829410634042
3310 0.811526220594
3316 0.809611397957
3284 0.800010063152
3459 0.796679022347
3394 0.793589703315
3194 0.786446845575
3322 0.786279779167
3111 0.779715644609
3282 0.775825704286
3220 0.775448623506
3115 0.774787807522
3366 0.769810479152
3141 0.766876742741
3418 0.76550800158
3253 0.762417822535
3205 0.760152410152
3178 0.757878683239
3351 0.756197093774
3312 0.734680737886
3252 0.734615943716
3197 0.734388081548
3162 0.730064464801
3410 0.72889751673
3392 0.724603805031
3170 0.716828919843
3144 0.71599510135
3422 0.715039149971
3380 0.709337675968
3399 0.701436684834
3263 0.697314464967
3383 0.692686866976
3161 0.677028782819
3291 0.659057270566
3343 0.657700068389
3306 0.657064825807
3106 0.641851889568
3270 0.63610831338
3354 0.63291278997
3290 0.621654811172
3108 0.61396547857
3391 0.59618481598
3122 0.593774589603
3335 0.587714871957
3381 0.577995282654
3447 0.575887099366
3414 0.556926906919
3384 0.555675892583
3149 0.547323684569
3368 0.54201608938
3298 0.539988934162
3404 0.454093420896
3411 0.444202698782
3225 0.437158823723
3146 0.394094240335
3148 0.391794561349
3200 0.376916282291
3273 0.375758746439
3186 0.353307565116
3367 0.351063064696
3363 0.334538605478
3342 0.327763968568
3135 0.30502483149
3300 0.299027766536
3311 0.287993065463
3223 0.276587120954
3159 0.264990074604
3358 0.257171920093
3147 0.246710258493
3169 0.223046541958
3224 0.204507130063
3126 0.189248497782
3313 0.126573301927
3445 0.126118902452
3212 0.0
