3397 3.04896040697
3163 2.89988058833
3208 2.73696832509
3323 2.73648650137
3181 2.72602458423
3328 2.71742444396
3235 2.66979186892
3403 2.59634272203
3345 2.58171546808
3428 2.49861767232
3196 2.47001749457
3256 2.44976791989
3462 2.41731825933
3353 2.3977321732
3283 2.38215723822
3301 2.38053790254
3234 2.37269949111
3336 2.36989103669
3435 2.36049549711
3449 2.35335624864
3160 2.33141612481
3390 2.3117823546
3161 2.3039658371
3155 2.30008671794
3437 2.29294936633
3458 2.26682373455
3439 2.26047048678
3400 2.25836911721
3261 2.25453090012
3388 2.24462012139
3113 2.24400134067
3281 2.23762754477
3124 2.21450405982
3276 2.18407549684
3332 2.17511390408
3203 2.17471000306
3218 2.17255730173
3112 2.16488455028
3116 2.14360489216
3231 2.14019045125
3179 2.13678546869
3176 2.10680401742
3104 2.09571567269
3395 2.09221921884
3365 2.08451618347
3257 2.06822100113
3258 2.06719745144
3438 2.04696474774
3268 2.04343988157
3330 2.04008869761
3228 2.03843490537
3405 2.03717357609
3199 2.03190718762
3408 2.02827584374
3337 1.98704842903
3329 1.98650636489
3198 1.96933166202
3364 1.96865667876
3120 1.96644577505
3140 1.96382304993
3333 1.94909153268
3226 1.93449343167
3193 1.93182695163
3320 1.92961515634
3425 1.89710880065
3279 1.89034831416
3153 1.88875047078
3130 1.88829859492
3373 1.88698962138
3314 1.88691316454
3424 1.87318858751
3307 1.87263745116
3151 1.8726351898
3222 1.87204109805
3280 1.85977496055
3326 1.84543611076
3396 1.8397550412
3317 1.82557091353
3166 1.81627657106
3207 1.81458286164
3374 1.81072768284
3206 1.80832748331
3349 1.80780868732
3241 1.80709943263
3272 1.80518362292
3412 1.80286999471
3443 1.7982493653
3177 1.79578318614
3371 1.79146111377
3304 1.77426571825
3143 1.77143581337
3372 1.77075049977
3210 1.7689196345
3174 1.76567407763
3245 1.75518289981
3242 1.74317018723
3453 1.73067988603
3376 1.72805248031
3173 1.72319000843
3399 1.71893920023
3292 1.71271379827
3305 1.70843009977
3422 1.69900158202
3204 1.69361220106
3266 1.67668386095
3221 1.67384074028
3335 1.66397903405
3386 1.6602276149
3285 1.65137160331
3209 1.64965084836
3401 1.64338758708
3393 1.63339583326
3448 1.6301732112
3246 1.62611864844
3243 1.62596170653
3450 1.61436669805
3454 1.58705307351
3247 1.58229153333
3344 1.57649064618
3362 1.57355669052
3277 1.56975026592
3334 1.56532376589
3274 1.55807678303
3123 1.55100576673
3436 1.54858902392
3286 1.54857083641
3182 1.54006278767
3138 1.53142856564
3322 1.52237367271
3202 1.52052919428
3361 1.52039554892
3387 1.51990996786
3339 1.50198679
3259 1.50092640369
3191 1.50041613249
3433 1.49689294699
3187 1.49639590229
3350 1.48837623383
3117 1.47601977349
3417 1.47595900525
3253 1.47374587647
3184 1.4651372193
3269 1.46412702962
3309 1.46139996188
3144 1.45429612037
3275 1.44022847752
3331 1.43879614509
3185 1.42562376488
3137 1.42381736113
3419 1.41737903913
3224 1.41503796545
3180 1.41012838555
3296 1.39317806974
3461 1.38982540389
3391 1.38852672924
3389 1.37769107514
3455 1.37660386747
3178 1.36617031227
3360 1.36459712635
3324 1.36388187982
3278 1.33124999008
3251 1.32974019324
3414 1.3247619879
3363 1.32418487689
3381 1.30939463464
3319 1.30333371213
3232 1.28822678965
3442 1.28095426345
3129 1.27848663884
3379 1.2770293423
3156 1.26686170248
3338 1.26676770986
3427 1.26121303663
3108 1.24826263975
3375 1.23681459062
3122 1.23569327931
3409 1.23465246462
3150 1.2322476084
3321 1.23149407081
3451 1.22901837182
3133 1.22628486514
3201 1.22279629035
3264 1.19929577131
3380 1.19726987675
3394 1.19105063049
3348 1.16999875385
3119 1.15845988898
3216 1.1517931498
3385 1.13445062119
3444 1.1068131851
3142 1.10234963076
3441 1.10019282629
3318 1.09575299356
3106 1.09563412726
3456 1.09515318687
3169 1.0946141265
3308 1.08880154742
3250 1.07732869673
3114 1.07404060367
3132 1.07218291074
3392 1.07047653655
3212 1.05398527426
3431 1.04278230504
3263 1.03903784599
3165 1.03875478602
3252 1.02540902939
3189 1.01682707928
3356 1.0143477572
3382 1.01320734397
3418 1.0073606866
3125 1.00633598047
3171 0.997411967776
3229 0.993710689754
3260 0.9864941277
3225 0.974993494763
3325 0.968463619973
3175 0.965919083982
3157 0.965863112283
3214 0.961996266708
3306 0.960639090872
3423 0.956283381601
3452 0.956144058214
3368 0.952479596689
3291 0.949938222505
3158 0.942432674275
3346 0.941726859628
3217 0.935275868756
3152 0.934628646613
3139 0.928682408305
3237 0.928320295936
3227 0.925449561022
3407 0.920856643847
3254 0.919787476328
3186 0.916102764219
3410 0.908453759474
3200 0.907069437934
3211 0.904182695594
3149 0.902369069815
3369 0.898520933613
3249 0.896967310333
3357 0.896729301639
3411 0.896568166239
3310 0.893848301672
3459 0.8883614556
3404 0.88656835833
3464 0.877811123372
3131 0.875870361217
3378 0.875260268967
3148 0.875140357856
3233 0.86233044871
3284 0.861860111524
3239 0.853830847243
3354 0.851925910386
3102 0.851485864355
3145 0.834437886506
3416 0.832909699564
3341 0.81915007088
3420 0.80888926528
3347 0.808268729388
3190 0.80546600738
3398 0.795976823294
3172 0.784041089907
3219 0.776060628627
3402 0.767710502809
3110 0.76556706735
3197 0.764522638379
3447 0.759412176344
3135 0.758129436286
3183 0.754558902602
3384 0.750191378859
3293 0.740537394003
3311 0.738301126083
3103 0.735963980641
3463 0.731601515176
3192 0.725458518054
3194 0.716649416104
3298 0.70890901391
3313 0.700637076238
3421 0.693544304508
3434 0.691185221506
3164 0.688399991982
3351 0.688034718221
3220 0.6835545609
3265 0.68076142879
3426 0.65303455455
3287 0.650086387334
3460 0.647383444521
3111 0.647040268275
3340 0.637981420425
3359 0.623850380286
3248 0.603312987643
3358 0.591934600704
3126 0.570317122386
3240 0.559490388021
3141 0.55744290587
3162 0.533325450441
3170 0.517985110071
3159 0.513162071492
3457 0.510481989473
3267 0.507826485095
3288 0.502742487156
3107 0.494380345531
3238 0.471996346638
3406 0.471196090281
3105 0.469653235105
3168 0.460742411412
3273 0.434556197702
3282 0.402879114724
3115 0.396696989661
3270 0.38949815446
3299 0.239852181154
3343 0.177917154144
3271 0.17456447434
3147 0.168856971686
3383 0.0747234165421
3352 0.071066255346
3290 0.0
