3323 2.87102744731
3163 2.71766760574
3390 2.67195320626
3181 2.56670260097
3397 2.51370429899
3124 2.39461086381
3376 2.38280539498
3452 2.37562556411
3257 2.37323310661
3336 2.29959919837
3304 2.28751610329
3211 2.27490981144
3345 2.26221217311
3246 2.2553248696
3401 2.24513123948
3301 2.22850752393
3268 2.22362031116
3143 2.22156549113
3234 2.21623073277
3314 2.19332670309
3333 2.15419269797
3177 2.15195889331
3292 2.14910246352
3113 2.14527008905
3393 2.14269474209
3329 2.13964424203
3277 2.12233007101
3425 2.11674358769
3140 2.10665303096
3400 2.07502305973
3261 2.05393028301
3235 2.03109388231
3173 1.99891778201
3210 1.99205149627
3199 1.98740663233
3278 1.98717905031
3385 1.97422724222
3353 1.96165732076
3132 1.96043175313
3388 1.94525382805
3437 1.93151391832
3241 1.92810239865
3450 1.90852673653
3208 1.89744680414
3386 1.8914154659
3360 1.89017574268
3200 1.88935819881
3379 1.88452945254
3435 1.88423336236
3449 1.8749749706
3378 1.85734044126
3328 1.8544739579
3266 1.84676509055
3196 1.84450400362
3431 1.82559567796
3326 1.82359205744
3276 1.82264247088
3166 1.81028783283
3151 1.80524987747
3265 1.80236825201
3160 1.78637546176
3116 1.77742810508
3231 1.76832445514
3195 1.76603760328
3214 1.76536253191
3120 1.75408563429
3335 1.7523503772
3161 1.74897096107
3355 1.74773672353
3417 1.74444357089
3233 1.74153954271
3395 1.74102288085
3334 1.73320711363
3141 1.73112733918
3274 1.73104397195
3332 1.7151019132
3298 1.70956571781
3374 1.70410283033
3280 1.68587286079
3321 1.68577655712
3203 1.6826985802
3119 1.67651292584
3382 1.67172180159
3438 1.67042411746
3104 1.66988709663
3455 1.66570105883
3201 1.64686879525
3343 1.6431044524
3391 1.64039607377
3408 1.63481611722
3460 1.63270830324
3217 1.6286550189
3396 1.62859022547
3103 1.62728388568
3281 1.61794541287
3187 1.61767626329
3315 1.60725684787
3182 1.59635201869
3110 1.59452592269
3218 1.5843509066
3107 1.57840331023
3448 1.57508202753
3433 1.56877415824
3242 1.55574313343
3439 1.5551566998
3371 1.55348900573
3285 1.54915048904
3381 1.54574641869
3404 1.54401785741
3139 1.54211252133
3299 1.53244471942
3453 1.52887061394
3225 1.52705425374
3142 1.52081960217
3130 1.50585211217
3174 1.50545336608
3227 1.49218252925
3346 1.48736990488
3153 1.48253923166
3443 1.46669422302
3428 1.45823379617
3461 1.45313211591
3339 1.45288129409
3458 1.44890393509
3221 1.44775006934
3169 1.44621856191
3170 1.43812852331
3243 1.4335987549
3237 1.43240916222
3193 1.42286461178
3232 1.41597422044
3155 1.40840753098
3457 1.39741518981
3117 1.39575457234
3253 1.38402936848
3330 1.37902105654
3338 1.37530547938
3150 1.37004001163
3305 1.3626212605
3272 1.36076780355
3279 1.35894721245
3213 1.34196878365
3186 1.33874605155
3412 1.32957843433
3123 1.32688797823
3377 1.31558495966
3180 1.31291164839
3228 1.31015937733
3413 1.30639803229
3137 1.30160831917
3350 1.29796845664
3320 1.29623280498
3207 1.2960721469
3392 1.29139814013
3158 1.29022945719
3429 1.27605233854
3414 1.26631029335
3138 1.25469077562
3322 1.25253898183
3247 1.25130244168
3362 1.24578091488
3129 1.24498023529
3198 1.23885912752
3179 1.23836379516
3194 1.23743438078
3114 1.23711863243
3219 1.2316466139
3297 1.22952411904
3167 1.21336031778
3220 1.20608258242
3251 1.20548026967
3372 1.19934068676
3352 1.18855277758
3405 1.18427841965
3427 1.18284610235
3416 1.18251045945
3380 1.17547165783
3361 1.17297927602
3185 1.16970948042
3248 1.16876638753
3164 1.16867105399
3383 1.16024258904
3286 1.15903900197
3349 1.15825829739
3367 1.14925915266
3424 1.14837560897
3291 1.13845444931
3249 1.13126914935
3366 1.12899429972
3409 1.10961148442
3168 1.10817438742
3294 1.10555716623
3411 1.10091102701
3226 1.09987498048
3256 1.09727870412
3273 1.09377509668
3202 1.09279028372
3394 1.09001494648
3270 1.08467052716
3146 1.08168836642
3258 1.081194114
3464 1.07614532729
3112 1.07515185589
3311 1.07243122899
3172 1.06966164533
3197 1.06406204197
3283 1.06377657273
3191 1.0549484916
3236 1.05473726173
3387 1.0537049014
3222 1.05171494245
3165 1.0485103278
3403 1.04723028439
3402 1.04486227091
3317 1.04260450904
3156 1.04022364811
3318 1.03765740343
3365 1.03723274468
3370 1.03571561427
3406 1.03179232494
3463 1.02742317482
3131 1.01627297846
3462 1.01485180118
3144 1.0140093105
3324 1.00896258655
3250 0.995068564245
3189 0.993757410516
3351 0.983003545585
3307 0.974933917071
3306 0.974686019835
3444 0.97101447706
3344 0.967478939767
3384 0.962480482857
3296 0.959148369027
3125 0.942390504941
3145 0.933164407269
3263 0.926653735901
3363 0.92526201432
3239 0.919043120659
3229 0.917064212835
3136 0.916031692797
3337 0.899204086869
3101 0.878942959576
3341 0.873373793679
3358 0.870951648495
3442 0.862858529259
3184 0.857773827153
3159 0.840083437156
3260 0.838204023927
3410 0.83383611214
3238 0.830739931335
3216 0.829500108618
3340 0.825239500665
3357 0.822430537598
3267 0.821713780488
3111 0.821075348668
3407 0.812618571827
3325 0.811799287936
3205 0.805419273221
3441 0.792103660166
3415 0.785764687283
3319 0.773360472374
3364 0.770526087961
3126 0.770190770996
3310 0.768202202237
3106 0.765652671152
3418 0.76512798407
3209 0.762549396844
3176 0.761392948495
3223 0.758184871626
3399 0.75785286349
3275 0.754567400891
3456 0.754275233692
3419 0.745307726366
3157 0.74081910815
3300 0.73369911609
3331 0.732268181682
3135 0.724214055447
3240 0.718012339738
3206 0.717184707611
3133 0.712338634664
3308 0.708463338212
3224 0.708023300227
3454 0.690241657985
3398 0.688189814211
3313 0.687554706483
3264 0.684517688926
3423 0.684513576117
3190 0.679335817168
3245 0.674569401213
3148 0.667597825345
3287 0.659518823856
3183 0.65773310861
3188 0.65092417871
3451 0.64688104663
3359 0.643519610369
3373 0.640946970108
3284 0.637714626372
3303 0.626796439094
3282 0.621979863796
3447 0.6163058689
3342 0.612456236264
3122 0.60446383348
3204 0.60254371481
3368 0.590941917555
3293 0.572065219329
3375 0.567730968205
3271 0.565776304659
3290 0.563459252753
3259 0.551879628782
3212 0.549107876782
3348 0.544533630435
3434 0.541178906588
3369 0.539140127643
3269 0.525552548553
3171 0.523635696615
3421 0.523202952549
3162 0.520302014891
3252 0.517492693177
3254 0.516572686146
3422 0.503221643082
3175 0.48938398813
3354 0.480263132213
3312 0.470371890735
3244 0.462620761086
3295 0.461462887464
3108 0.441957504922
3178 0.440561589421
3288 0.403408456609
3316 0.392388257663
3255 0.392204533316
3356 0.380550578186
3430 0.364754036049
3426 0.307897949636
3127 0.296548354681
3149 0.295880505452
3436 0.284199781877
3262 0.276911857198
3389 0.274065759752
3459 0.266355120835
3347 0.255031147295
3102 0.241118408532
3105 0.21585534821
3230 0.210874350807
3192 0.148231472966
3420 0.110163376025
3115 0.0762033209483
3152 0.0416682005563
3309 0.0
