3323 2.83188239439
3268 2.68418902826
3376 2.68147820213
3163 2.66974153567
3124 2.6360101041
3397 2.61663544508
3113 2.51552128073
3333 2.5087022832
3199 2.48013483704
3234 2.46827792502
3257 2.42983609999
3343 2.39336995537
3203 2.38283225233
3390 2.37951448085
3246 2.3751973181
3314 2.35037276342
3143 2.32891536907
3195 2.2781635873
3173 2.27648094446
3181 2.27238740479
3326 2.26360872258
3321 2.25435835552
3400 2.25362429106
3378 2.23969627059
3241 2.23650689075
3449 2.22274190545
3453 2.21961651275
3304 2.2008848242
3280 2.19643438187
3328 2.19458527104
3353 2.19303327437
3278 2.16947704443
3371 2.16404063695
3393 2.15574415852
3401 2.1541883988
3151 2.14930786652
3177 2.12537605566
3443 2.10345936913
3211 2.10132716272
3114 2.09919250257
3455 2.08548165574
3346 2.0725531163
3338 2.0383108956
3329 2.03707904732
3325 2.01278568961
3360 2.00992189001
3274 1.97806870463
3116 1.97729718495
3140 1.97399664756
3408 1.96673542857
3235 1.96565217245
3450 1.95965294108
3276 1.9592839565
3208 1.93374448844
3388 1.92091053159
3277 1.91970461457
3261 1.89989526339
3334 1.89946560437
3395 1.89928178098
3243 1.89596264813
3187 1.8878078051
3385 1.87049773668
3218 1.8682976769
3452 1.86671448953
3182 1.85732487125
3335 1.85688792461
3110 1.85301139506
3435 1.83960079009
3391 1.8392055344
3169 1.83386962455
3355 1.8265368356
3210 1.82650400645
3425 1.82215358919
3417 1.81934325933
3161 1.81858562284
3301 1.80931228909
3201 1.80910613002
3292 1.80895288936
3160 1.80466438098
3281 1.80403162627
3437 1.79743721765
3253 1.78655346421
3228 1.78442774266
3117 1.78199562001
3438 1.78149508862
3200 1.77775577015
3242 1.77485649411
3166 1.77316980265
3377 1.76677365196
3279 1.76511100158
3460 1.75999551696
3180 1.74931511881
3285 1.72816200037
3103 1.71200450129
3179 1.70278185906
3107 1.69631451675
3403 1.69221847051
3379 1.65945430755
3350 1.65899102748
3263 1.65568434828
3409 1.65227285112
3307 1.65090211531
3119 1.64136491804
3464 1.63968512057
3220 1.63634377969
3231 1.63253249685
3185 1.62749912567
3345 1.6244382378
3332 1.62355137467
3130 1.61912810307
3251 1.61532666272
3362 1.60914592605
3129 1.60579886055
3189 1.59878313809
3396 1.58036115816
3444 1.58008312831
3330 1.57510957488
3283 1.56385128566
3386 1.56088819299
3405 1.54623406908
3407 1.54598060261
3123 1.54239860219
3308 1.53617327962
3320 1.53350563058
3156 1.53123654419
3458 1.52736642114
3196 1.52336705002
3167 1.52224574849
3348 1.52215523959
3138 1.5136281094
3265 1.510505142
3448 1.50996596641
3120 1.50942587999
3404 1.50927244582
3294 1.50477882474
3415 1.50459172535
3139 1.49814831998
3186 1.48973711845
3297 1.48183026929
3462 1.47896924536
3217 1.47048936477
3250 1.46830128492
3372 1.4662999664
3190 1.46414765947
3272 1.46252692162
3104 1.4513878938
3413 1.44803748189
3356 1.44451757131
3165 1.43838358863
3232 1.43152152378
3142 1.42752742508
3170 1.42498803167
3463 1.42242201502
3418 1.41436256528
3439 1.41370996334
3433 1.41040228722
3112 1.4102384945
3214 1.40918389478
3428 1.39767103983
3382 1.39621465005
3387 1.39101226884
3136 1.38741988948
3412 1.38523564776
3202 1.38072449934
3137 1.37310103594
3256 1.37278327834
3366 1.37212409722
3402 1.36858777956
3155 1.36697034649
3171 1.3588690829
3398 1.35824775056
3244 1.35803583738
3141 1.35062497499
3426 1.35059865095
3373 1.34864740096
3247 1.34765933188
3216 1.33081224224
3150 1.32881796774
3331 1.32791330641
3174 1.32588140882
3461 1.32477943609
3427 1.31952770769
3227 1.30313607994
3456 1.30169987309
3315 1.30083832176
3269 1.30059180857
3286 1.30007610452
3298 1.28669530763
3148 1.28191879558
3188 1.28142288624
3392 1.27116059905
3240 1.26735820827
3273 1.26555481233
3365 1.25942727547
3306 1.25609174665
3111 1.25376586815
3221 1.25258250881
3336 1.24966549925
3410 1.24730002166
3363 1.24528658832
3267 1.24285411312
3359 1.23856368494
3193 1.2333887619
3225 1.23132795822
3411 1.22338037407
3299 1.22175909546
3168 1.21834453804
3361 1.21829056179
3233 1.2131578088
3423 1.2062296735
3424 1.19249838492
3237 1.18966636781
3125 1.18676870891
3248 1.17293659006
3266 1.1722103399
3219 1.17153536145
3262 1.16890957657
3206 1.15836018147
3239 1.15051367976
3442 1.15029843508
3311 1.15022576006
3352 1.14352494464
3380 1.14177478176
3249 1.13493624949
3194 1.13300320734
3322 1.12890130849
3367 1.12117981641
3209 1.11957597126
3337 1.11735662807
3226 1.09890947402
3406 1.09702246392
3357 1.09287445795
3347 1.09176303837
3296 1.08923786853
3270 1.08770530349
3319 1.08680559649
3457 1.0855355215
3191 1.08374630829
3153 1.0823275202
3374 1.07851338254
3416 1.07083566459
3431 1.07039043531
3324 1.06845574287
3178 1.06719358838
3381 1.06009267198
3310 1.04268734849
3135 1.04223592442
3144 1.03837998002
3419 1.03241643822
3258 1.02376745554
3344 1.00694876934
3316 1.00400298189
3394 0.996113216265
3101 0.986418965351
3284 0.979168933199
3451 0.968952848062
3305 0.943991966154
3287 0.940862258704
3383 0.929967664662
3146 0.92255547555
3429 0.922330407509
3295 0.920349124451
3454 0.919229533248
3349 0.915730750801
3213 0.912958350723
3420 0.901599321619
3159 0.892724698453
3252 0.88570457242
3339 0.884431001737
3341 0.881042474287
3414 0.879438962161
3354 0.87409375371
3145 0.872378178697
3162 0.8660164775
3222 0.862338640715
3207 0.860566567286
3106 0.858514208883
3313 0.855583724615
3370 0.855400281234
3172 0.836216431057
3126 0.832093812008
3275 0.829684250152
3223 0.829003166244
3132 0.827207525794
3351 0.823360186783
3260 0.82075688867
3122 0.816885086267
3342 0.815980903157
3312 0.814492383314
3259 0.798877253207
3158 0.79725340282
3434 0.791796926835
3238 0.775239647307
3303 0.773485772018
3183 0.766592730744
3176 0.756586524007
3271 0.749539200804
3245 0.722080910681
3430 0.716059846021
3236 0.712488238462
3205 0.702156048082
3184 0.701458319145
3318 0.700304301118
3133 0.6965877428
3441 0.693607717108
3288 0.669829220505
3340 0.661374660606
3192 0.651175868374
3309 0.648961405275
3317 0.644125405946
3212 0.636399979357
3369 0.632272177552
3131 0.630092393678
3254 0.629150788254
3204 0.626160077174
3108 0.621008789866
3436 0.611880189429
3364 0.602019403212
3358 0.594748663984
3229 0.589782020467
3447 0.581025233231
3422 0.574890847634
3384 0.566122162511
3293 0.559279360647
3291 0.556148317853
3375 0.553540485913
3198 0.535284930106
3368 0.529740540085
3459 0.527346311256
3127 0.521425175078
3399 0.510250639747
3389 0.503044322108
3164 0.476925727628
3421 0.4518534542
3264 0.451557495403
3197 0.447321218219
3282 0.441566768287
3157 0.432745913816
3300 0.431948854959
3115 0.421324750193
3102 0.404155487899
3224 0.381111503123
3230 0.34263303282
3105 0.325324545525
3152 0.301676929356
3255 0.2600784462
3175 0.183520363989
3290 0.173249597187
3149 0.0
