3397 3.00833111954
3163 2.98872595323
3181 2.91509922462
3261 2.83420905401
3390 2.76434688704
3243 2.72528010395
3437 2.71638482156
3403 2.71260575245
3345 2.70783672781
3400 2.6339388602
3314 2.59135418696
3112 2.56147484877
3336 2.56123220117
3280 2.55807962543
3256 2.55601174179
3353 2.54529812688
3449 2.49365565157
3278 2.4896542731
3435 2.4812308525
3130 2.4782582348
3326 2.46023546776
3160 2.43775965301
3203 2.42261099183
3208 2.42122555722
3376 2.4173097335
3116 2.39535485115
3439 2.36345431434
3323 2.34686091226
3428 2.32681730955
3228 2.28317065484
3210 2.26404017756
3177 2.26003694885
3307 2.2594203119
3453 2.25260667865
3153 2.24962840245
3337 2.23644443134
3328 2.22826677873
3417 2.19923455479
3364 2.18179272474
3438 2.16987708653
3277 2.16796005611
3462 2.16324774798
3395 2.15226643257
3408 2.14167440582
3234 2.13833497046
3386 2.12429455774
3140 2.11657530458
3166 2.11255925173
3120 2.11172592261
3151 2.08197884397
3274 2.07886598745
3122 2.0788353029
3425 2.06564269247
3124 2.05722086093
3150 2.05434809022
3161 2.04002036694
3451 2.03060097396
3199 2.01819603911
3443 2.0171900116
3232 2.00926407809
3217 2.0085897728
3113 1.99100184702
3333 1.97981898885
3286 1.97626728992
3330 1.97392215701
3350 1.95726215642
3332 1.95431835699
3281 1.95289648054
3218 1.95005746324
3461 1.94310701562
3365 1.94012314773
3276 1.93896974255
3201 1.93830351704
3442 1.93514071711
3198 1.93486792298
3155 1.93270086037
3285 1.90951932367
3207 1.90759757638
3320 1.90395323141
3251 1.90271990316
3373 1.89946209484
3396 1.89573041438
3283 1.89436979144
3123 1.89163033249
3424 1.88289137485
3301 1.88221068476
3221 1.88100942874
3371 1.87554178994
3405 1.86929596011
3349 1.86231205365
3231 1.83357598731
3179 1.83293860784
3266 1.83146216198
3222 1.83138050695
3104 1.82774017236
3387 1.82112947958
3173 1.81858958634
3263 1.81855158762
3182 1.80632876568
3375 1.80021324518
3246 1.79991615757
3174 1.79868520478
3444 1.79338595168
3374 1.78998496874
3257 1.78825602998
3235 1.78154960705
3448 1.78151967068
3423 1.7810023993
3452 1.77602636136
3247 1.76932204544
3269 1.73242554849
3292 1.72624097957
3143 1.72181384412
3409 1.7214175517
3211 1.72133881866
3279 1.71612647284
3275 1.70667563237
3196 1.69754692731
3441 1.69051313237
3393 1.6892346194
3348 1.68253798445
3338 1.66540795259
3434 1.66167617619
3272 1.6542941643
3310 1.64315216477
3264 1.64259727455
3455 1.64171606269
3268 1.6365489769
3138 1.62464809688
3331 1.62261936158
3308 1.61629770635
3436 1.61211706225
3379 1.60947837319
3245 1.60844180121
3363 1.60462555255
3200 1.59664072005
3242 1.59607329113
3258 1.58153728461
3384 1.57843413329
3204 1.57605149472
3362 1.56481801511
3238 1.56152761422
3133 1.56000442689
3186 1.55699278944
3214 1.55337370153
3321 1.55197765753
3329 1.54379084137
3458 1.54205574326
3454 1.54204526802
3241 1.53660691616
3282 1.53614203359
3401 1.52814164784
3227 1.51903013541
3106 1.50690011937
3344 1.49806959124
3202 1.48775250008
3187 1.47608520464
3206 1.47041341831
3184 1.46761419377
3339 1.46502879454
3209 1.46057346032
3304 1.45983487074
3369 1.45626570141
3334 1.45571281831
3191 1.45283067112
3385 1.45090530528
3335 1.45021465033
3296 1.44705138168
3317 1.43223378854
3422 1.42807129781
3212 1.42433391623
3319 1.42328590793
3129 1.41825242157
3414 1.41251989168
3360 1.41219074876
3388 1.39258349781
3131 1.39164043597
3324 1.39007572757
3189 1.38959632943
3394 1.38490151546
3431 1.38147027897
3416 1.3798940382
3340 1.37258181832
3427 1.37214717923
3135 1.3701230666
3185 1.36697040658
3176 1.36219379345
3309 1.35721108549
3110 1.34276726277
3322 1.33955893945
3305 1.33710067295
3171 1.33161796825
3172 1.3271361485
3380 1.31725138758
3372 1.31666384142
3361 1.31520990295
3108 1.30823538353
3412 1.30301115792
3402 1.29652566519
3152 1.28609868316
3260 1.28239078302
3117 1.27256797534
3287 1.27114728744
3219 1.25978986154
3450 1.25737505222
3267 1.25682751892
3389 1.25345186946
3378 1.24753897269
3460 1.24266273744
3125 1.24083254537
3145 1.23729351179
3128 1.23579488849
3298 1.21899354053
3175 1.21767690708
3193 1.21730770795
3137 1.21512420741
3346 1.20551295866
3407 1.20250632277
3253 1.19871493497
3357 1.1980092572
3426 1.18748737119
3132 1.17944716422
3194 1.17735239102
3265 1.17163189391
3229 1.17002459152
3382 1.16611834794
3404 1.15357390405
3399 1.14921187344
3433 1.14693534777
3418 1.13927855838
3178 1.13751880311
3141 1.13579677709
3102 1.13331894108
3180 1.12557126228
3419 1.1250645505
3356 1.11237728117
3156 1.10009561574
3284 1.09217830964
3325 1.08886350816
3306 1.08655739096
3250 1.08335372079
3252 1.07941356166
3119 1.07442792283
3447 1.05661990024
3225 1.04663223842
3157 1.04649729225
3111 1.04605216728
3162 1.03835619831
3237 1.03822837021
3259 1.03813673557
3197 1.02109493531
3254 1.00771047816
3224 1.00719705954
3149 0.99071476199
3240 0.988117234351
3226 0.987589588555
3381 0.984312526344
3126 0.962431353986
3127 0.940975110876
3190 0.939486210283
3142 0.917688112725
3273 0.914033131224
3456 0.912221765171
3158 0.912182985969
3392 0.908719613241
3318 0.904988619222
3159 0.90090428504
3420 0.870563187048
3236 0.865906010269
3139 0.8559806737
3216 0.844111470841
3343 0.843507969489
3168 0.836023129488
3415 0.832425011757
3341 0.827784256093
3293 0.82414467979
3165 0.808061587725
3347 0.805836810171
3464 0.799937055415
3220 0.798760008156
3270 0.785090852085
3351 0.775339979706
3410 0.763001011397
3354 0.752311180886
3311 0.752125285611
3107 0.732434194778
3271 0.727038957155
3164 0.710017814876
3183 0.695935432378
3368 0.693263383451
3105 0.670526043935
3457 0.66978155211
3291 0.66922021952
3114 0.660762006328
3103 0.644444477807
3144 0.627698941778
3358 0.623579304751
3169 0.622592659959
3290 0.620201533218
3463 0.613854595279
3148 0.595674561645
3459 0.593152109274
3170 0.577736129076
3313 0.549683819259
3411 0.544623327603
3398 0.540622213355
3115 0.512983175927
3391 0.499970873273
3359 0.496059407078
3239 0.473553345883
3192 0.468052560622
3406 0.465774972336
3205 0.457850700468
3248 0.41747326464
3299 0.406810433919
3233 0.362462715781
3421 0.312349878632
3147 0.302912180835
3366 0.259013794554
3249 0.209802781973
3352 0.164950199191
3288 0.0749872402356
3383 0.0
